4.932696562546950325e+00 4.738267660140991211e+00
4.296055463644174566e+00 4.164738655090332031e+00
3.842091578703660026e+00 3.758585095405578613e+00
3.540806862024160395e+00 3.550532698631286621e+00
3.324556717505821712e+00 3.441680669784545898e+00
3.177829357293935786e+00 3.451862931251525879e+00
3.063724169364342220e+00 3.422508835792541504e+00
2.968538486040555480e+00 3.408373594284057617e+00
2.901557793984046452e+00 3.481379151344299316e+00
2.824235751078679080e+00 3.402311682701110840e+00
2.772760042777428158e+00 3.361443161964416504e+00
2.720593709212082878e+00 3.295579671859741211e+00
2.671444012568547244e+00 3.258384227752685547e+00
2.632598858613234505e+00 3.335126161575317383e+00
2.584797345674954894e+00 3.280580282211303711e+00
2.549038171768188477e+00 3.302442669868469238e+00
2.523553408109224794e+00 3.350940108299255371e+00
2.501991492051344856e+00 3.261049509048461914e+00
2.469932501132671820e+00 3.188815116882324219e+00
2.436284211965707769e+00 3.279805541038513184e+00
2.409741731790395747e+00 3.229715585708618164e+00
2.391017730419452203e+00 3.247649431228637695e+00
2.360878247481125847e+00 3.237011432647705078e+00
2.335428201235257628e+00 3.224041938781738281e+00
2.331750557972834592e+00 3.294837355613708496e+00
2.304225756571843142e+00 3.260227441787719727e+00
2.283131324327908995e+00 3.266960144042968750e+00
2.280935837672307009e+00 3.247218728065490723e+00
2.248359056619497309e+00 3.207200646400451660e+00
2.238068800706130013e+00 3.099999070167541504e+00
2.248050891436063292e+00 3.066325426101684570e+00
2.234654866732083800e+00 2.964767813682556152e+00
2.201009291868943230e+00 3.067706227302551270e+00
2.172743687262901791e+00 3.103848695755004883e+00
2.164587699449979308e+00 3.107958436012268066e+00
2.147508327777569281e+00 3.161985039710998535e+00
2.144865934665386664e+00 3.006012201309204102e+00
2.123243056810819152e+00 3.100729942321777344e+00
2.106762519249549381e+00 2.979338169097900391e+00
2.089191638506375792e+00 3.003433823585510254e+00
2.079111704459557064e+00 2.966695547103881836e+00
2.070800231053278928e+00 2.925726890563964844e+00
2.081940669279831901e+00 2.869115710258483887e+00
2.059705064846919065e+00 2.962137579917907715e+00
2.052509078612694271e+00 2.966006159782409668e+00
2.036542617357694152e+00 2.989221453666687012e+00
2.031729689011207096e+00 3.027589082717895508e+00
2.020434086139385688e+00 2.981380462646484375e+00
2.014965855158292296e+00 2.936118721961975098e+00
2.012138935235830317e+00 2.994031310081481934e+00
2.006255241540761958e+00 2.965269446372985840e+00
1.990183949470520020e+00 3.007949590682983398e+00
1.980181877429668669e+00 2.915075898170471191e+00
1.966162901658278228e+00 2.940676569938659668e+00
1.963801521521348237e+00 2.966087460517883301e+00
1.956042390603285552e+00 2.906801819801330566e+00
1.959483311726496702e+00 2.906777739524841309e+00
1.948044877785902740e+00 2.852976918220520020e+00
1.934644644077007536e+00 2.920271873474121094e+00
1.939926431729243284e+00 2.850155115127563477e+00
1.930072986162625792e+00 2.935855150222778320e+00
1.918314218521118164e+00 2.949985384941101074e+00
1.907099384527940034e+00 2.870692491531372070e+00
1.903548891727740999e+00 2.983133316040039062e+00
1.904994368553161621e+00 2.927091479301452637e+00
1.897993656305166477e+00 2.983753561973571777e+00
1.881365271715017551e+00 2.938439130783081055e+00
1.879006798450763460e+00 2.846626758575439453e+00
1.876094717245835541e+00 2.944905996322631836e+00
1.870819192666273834e+00 2.911243677139282227e+00
1.857664144956148622e+00 2.939717054367065430e+00
1.870341841991131071e+00 2.769398450851440430e+00
1.855380901923546322e+00 2.807127356529235840e+00
1.849631804686326264e+00 2.832798123359680176e+00
1.851064947935251004e+00 2.854894161224365234e+00
1.835372970654414182e+00 2.958063960075378418e+00
1.833854280985318663e+00 2.954825162887573242e+00
1.832149203007037874e+00 2.933571338653564453e+00
1.832593505199138884e+00 2.969903588294982910e+00
1.816635544483478304e+00 2.956575512886047363e+00
1.809778470259446381e+00 2.861859917640686035e+00
1.802983210637019162e+00 2.947661638259887695e+00
1.799876543191763156e+00 2.936096906661987305e+00
1.807685696161710265e+00 2.965564489364624023e+00
1.798931176845844027e+00 2.985867857933044434e+00
1.798100159718440061e+00 3.042253613471984863e+00
1.797024057461665159e+00 2.995540618896484375e+00
1.776392184771024230e+00 2.909881711006164551e+00
1.791929116615882389e+00 2.877788543701171875e+00
1.787805924048790462e+00 2.825563788414001465e+00
1.800618538489708431e+00 3.013450145721435547e+00
1.777912717599135162e+00 3.054481148719787598e+00
1.766224806125347380e+00 2.929121136665344238e+00
1.764921096655038601e+00 2.984384417533874512e+00
1.757428141740652316e+00 2.885293126106262207e+00
1.751123767632704498e+00 3.047440290451049805e+00
1.750637824718768831e+00 2.966189384460449219e+00
1.755027541747459896e+00 3.008270621299743652e+00
1.753275843767019504e+00 3.138521552085876465e+00
1.738582070057208773e+00 2.997821092605590820e+00
1.743052776043231722e+00 2.905323266983032227e+00
1.737823770596430784e+00 2.978519439697265625e+00
1.729423183661240815e+00 2.928344964981079102e+00
1.726360981280987028e+00 2.994870901107788086e+00
1.729460413639362093e+00 2.933762311935424805e+00
1.724914569121140717e+00 3.053634524345397949e+00
1.716943319027240511e+00 2.961503624916076660e+00
1.720082979935866119e+00 2.916599035263061523e+00
1.712742612912104612e+00 3.000694870948791504e+00
1.709408925129817014e+00 2.938860535621643066e+00
1.714217956249530550e+00 3.051565766334533691e+00
1.705608056141779905e+00 3.087623238563537598e+00
1.696768733171316379e+00 3.014746665954589844e+00
1.702910184860229492e+00 3.055255889892578125e+00
1.698989198758051877e+00 3.171584129333496094e+00
1.700517709438617464e+00 3.179142355918884277e+00
1.684684634208679199e+00 3.025392770767211914e+00
1.680332156328054660e+00 3.057382941246032715e+00
1.674647597166208035e+00 3.169229269027709961e+00
1.684184001042292600e+00 3.119781255722045898e+00
1.685274243354797363e+00 3.112491726875305176e+00
1.673825905873225217e+00 3.103120446205139160e+00
1.666516038087698215e+00 3.114157557487487793e+00
1.672453476832463259e+00 3.020026564598083496e+00
1.665618529686561100e+00 3.132280588150024414e+00
1.679381893231318479e+00 3.050316214561462402e+00
1.672539619299081570e+00 2.946218371391296387e+00
1.667717786935659641e+00 3.186748743057250977e+00
1.668878216009873627e+00 3.110669374465942383e+00
1.660478848677415131e+00 2.985351920127868652e+00
1.664851729686443571e+00 3.204517245292663574e+00
1.648101485692537782e+00 3.292338728904724121e+00
1.645305275917053223e+00 3.226752281188964844e+00
1.643637519616347076e+00 3.310659289360046387e+00
1.644355187049278744e+00 3.290585160255432129e+00
1.643798993184016233e+00 3.269424796104431152e+00
1.637625309137197727e+00 3.122469902038574219e+00
1.634252181419959538e+00 3.248760342597961426e+00
1.632782257520235536e+00 3.175553679466247559e+00
1.632374075742868191e+00 3.014053702354431152e+00
1.636569930956913943e+00 3.015512466430664062e+00
1.633085571802579405e+00 3.126754164695739746e+00
1.629916136081402067e+00 3.310812711715698242e+00
1.626183390617370605e+00 3.138451457023620605e+00
1.636298702313349729e+00 3.289507865905761719e+00
1.626832861166733979e+00 3.127750754356384277e+00
1.626584658255943783e+00 3.359725117683410645e+00
1.634981430493868348e+00 3.257255315780639648e+00
1.632201634920560362e+00 3.116284847259521484e+00
1.620056179853585965e+00 3.142942786216735840e+00
1.621430763831505306e+00 3.245319962501525879e+00
1.625414013862609863e+00 3.243246555328369141e+00
1.603867402443519108e+00 3.323164582252502441e+00
1.601896606958829405e+00 3.265315413475036621e+00
1.598795340611384397e+00 3.408722877502441406e+00
1.600336203208336361e+00 3.283833026885986328e+00
1.590408673653235905e+00 3.259714603424072266e+00
1.595818006075345519e+00 3.203056931495666504e+00
1.592258829336899995e+00 3.246241688728332520e+00
1.592386539165790316e+00 3.197235226631164551e+00
1.591599501096285341e+00 3.165903925895690918e+00
1.586626080366281277e+00 3.176890492439270020e+00
1.596926551598768951e+00 3.243522882461547852e+00
1.587460297804612397e+00 3.286205649375915527e+00
1.592936561657832151e+00 3.226412534713745117e+00
1.577965470460745090e+00 3.276139259338378906e+00
1.579897678815401552e+00 3.341664671897888184e+00
1.572921331112201448e+00 3.300740003585815430e+00
1.568862676620483398e+00 3.269152283668518066e+00
1.576778292655944824e+00 3.358796834945678711e+00
1.573828889773442263e+00 3.379804849624633789e+00
1.573156310961796756e+00 3.380897998809814453e+00
1.579434926693256136e+00 3.394532084465026855e+00
1.581536806546724794e+00 3.411177873611450195e+00
1.572900157708388091e+00 3.434815287590026855e+00
1.570595484513502837e+00 3.379252552986145020e+00
1.569197911482590913e+00 3.219549179077148438e+00
1.577140863125140902e+00 3.378693103790283203e+00
1.571139839979318387e+00 3.405978679656982422e+00
1.570205660966726535e+00 3.252295851707458496e+00
1.560949087142944336e+00 3.346410870552062988e+00
1.562583327293395996e+00 3.258849859237670898e+00
1.560689504329974886e+00 3.250614285469055176e+00
1.553965000005868680e+00 3.321978092193603516e+00
1.550419293917142394e+00 3.420271992683410645e+00
1.555435602481548552e+00 3.403143644332885742e+00
1.557269527361943240e+00 3.356920003890991211e+00
1.555525834743793245e+00 3.471371531486511230e+00
1.543298886372492795e+00 3.433595061302185059e+00
1.543682804474463932e+00 3.402215838432312012e+00
1.546019774216871978e+00 3.426046729087829590e+00
1.548436962641202452e+00 3.469562411308288574e+00
1.547106504440307617e+00 3.499697446823120117e+00
1.561771622070899479e+00 3.322502732276916504e+00
1.548061581758352512e+00 3.428421497344970703e+00
1.563612075952383274e+00 3.429416060447692871e+00
1.546897961543156619e+00 3.526933550834655762e+00
1.553052957241351839e+00 3.453003048896789551e+00
1.540346466577970030e+00 3.394711017608642578e+00
1.530848062955416200e+00 3.422125101089477539e+00
